1643112698089 28.34251594543457 0
1643112698587 26.11504364013672 1
1643112699150 24.124439239501953 2
1643112699705 22.390005111694336 3
1643112700264 20.85719871520996 4
1643112700815 19.47117042541504 5
1643112701363 18.244993209838867 6
1643112701895 17.213651657104492 7
1643112702464 16.3048095703125 8
1643112703029 15.570226669311523 9
1643112703572 15.022313117980957 10
1643112704134 14.577398300170898 11
1643112704683 14.240057945251465 12
1643112705223 13.986180305480957 13
1643112705741 13.805547714233398 14
1643112706272 13.642931938171387 15
1643112706823 13.500404357910156 16
1643112707380 13.377983093261719 17
1643112707923 13.253975868225098 18
1643112708463 13.142881393432617 19
1643112708992 13.035685539245605 20
1643112709529 12.934979438781738 21
1643112710071 12.841278076171875 22
1643112710605 12.749796867370605 23
1643112711120 12.658644676208496 24
1643112711628 12.572229385375977 25
1643112712166 12.48772144317627 26
1643112712679 12.4058256149292 27
1643112713200 12.331302642822266 28
1643112713763 12.258334159851074 29
1643112714317 12.18061637878418 30
1643112714848 12.107755661010742 31
1643112715420 12.033376693725586 32
1643112715960 11.965404510498047 33
1643112716505 11.899537086486816 34
1643112717057 11.83664321899414 35
1643112717586 11.772336959838867 36
1643112718111 11.708356857299805 37
1643112718644 11.641322135925293 38
1643112719193 11.576056480407715 39
1643112719774 11.514200210571289 40
1643112720365 11.452431678771973 41
1643112720917 11.394020080566406 42
1643112721456 11.330198287963867 43
1643112721957 11.268096923828125 44
1643112722475 11.210399627685547 45
1643112723023 11.148232460021973 46
1643112723585 11.090704917907715 47
1643112724132 11.034934043884277 48
1643112724854 10.977230072021484 49
1643112725453 10.916937828063965 50
1643112725968 10.857184410095215 51
1643112726500 10.801910400390625 52
1643112727034 10.742956161499023 53
1643112727554 10.68441390991211 54
1643112728162 10.62662124633789 55
1643112728693 10.567176818847656 56
1643112729255 10.510502815246582 57
1643112729821 10.45441722869873 58
1643112730338 10.399005889892578 59
1643112730941 10.34056282043457 60
1643112731607 10.283157348632812 61
1643112732296 10.227408409118652 62
1643112732861 10.17195987701416 63
1643112733490 10.117904663085938 64
1643112734309 10.0639066696167 65
1643112735080 10.006048202514648 66
1643112736005 9.951090812683105 67
1643112736756 9.897700309753418 68
1643112737409 9.84717845916748 69
1643112738009 9.791043281555176 70
1643112738550 9.737399101257324 71
1643112739081 9.681388854980469 72
1643112739651 9.626765251159668 73
1643112740186 9.572032928466797 74
1643112740744 9.517709732055664 75
1643112741296 9.46633529663086 76
1643112741856 9.413840293884277 77
1643112742417 9.365124702453613 78
1643112742966 9.314294815063477 79
1643112743505 9.262605667114258 80
1643112744021 9.21338939666748 81
1643112744546 9.163424491882324 82
1643112745091 9.115551948547363 83
1643112745650 9.06421947479248 84
1643112746205 9.01481819152832 85
1643112746814 8.964420318603516 86
1643112747367 8.916373252868652 87
1643112747954 8.867789268493652 88
1643112748515 8.81594181060791 89
1643112749115 8.767889976501465 90
1643112749657 8.720695495605469 91
1643112750301 8.673190116882324 92
1643112750860 8.627645492553711 93
1643112751438 8.582026481628418 94
1643112751974 8.537854194641113 95
1643112752522 8.491507530212402 96
1643112753059 8.445884704589844 97
1643112753650 8.399652481079102 98
1643112754214 8.35727310180664 99
