1643112698089 4.9681203e-06 0
1643112698587 4.9681203e-06 1
1643112699150 4.9681203e-06 2
1643112699705 4.9681203e-06 3
1643112700264 4.9681203e-06 4
1643112700815 4.9681203e-06 5
1643112701363 4.9681203e-06 6
1643112701895 4.9681203e-06 7
1643112702464 4.9681203e-06 8
1643112703029 4.9681203e-06 9
1643112703572 4.9681203e-06 10
1643112704134 4.9681203e-06 11
1643112704683 4.9681203e-06 12
1643112705223 4.9681203e-06 13
1643112705741 4.9681203e-06 14
1643112706272 4.9681203e-06 15
1643112706823 4.9681203e-06 16
1643112707380 4.9681203e-06 17
1643112707923 4.9681203e-06 18
1643112708463 4.9681203e-06 19
1643112708992 4.9681203e-06 20
1643112709529 4.9681203e-06 21
1643112710071 4.9681203e-06 22
1643112710605 4.9681203e-06 23
1643112711120 4.9681203e-06 24
1643112711628 4.9681203e-06 25
1643112712166 4.9681203e-06 26
1643112712679 4.9681203e-06 27
1643112713200 4.9681203e-06 28
1643112713763 4.9681203e-06 29
1643112714317 4.9681203e-06 30
1643112714848 4.9681203e-06 31
1643112715420 4.9681203e-06 32
1643112715960 4.9681203e-06 33
1643112716505 4.9681203e-06 34
1643112717057 4.9681203e-06 35
1643112717586 4.9681203e-06 36
1643112718111 4.9681203e-06 37
1643112718644 4.9681203e-06 38
1643112719193 4.9681203e-06 39
1643112719774 4.9681203e-06 40
1643112720365 4.9681203e-06 41
1643112720917 4.9681203e-06 42
1643112721456 4.9681203e-06 43
1643112721957 4.9681203e-06 44
1643112722475 4.9681203e-06 45
1643112723023 4.9681203e-06 46
1643112723585 4.9681203e-06 47
1643112724132 4.9681203e-06 48
1643112724854 4.9681203e-06 49
1643112725453 4.9681203e-06 50
1643112725968 4.9681203e-06 51
1643112726500 4.9681203e-06 52
1643112727034 4.9681203e-06 53
1643112727554 4.9681203e-06 54
1643112728162 4.9681203e-06 55
1643112728693 4.9681203e-06 56
1643112729255 4.9681203e-06 57
1643112729821 4.9681203e-06 58
1643112730338 4.9681203e-06 59
1643112730941 4.9681203e-06 60
1643112731607 4.9681203e-06 61
1643112732296 4.9681203e-06 62
1643112732861 4.9681203e-06 63
1643112733490 4.9681203e-06 64
1643112734309 4.9681203e-06 65
1643112735080 4.9681203e-06 66
1643112736005 4.9681203e-06 67
1643112736756 4.9681203e-06 68
1643112737409 4.9681203e-06 69
1643112738009 4.9681203e-06 70
1643112738550 4.9681203e-06 71
1643112739081 4.9681203e-06 72
1643112739651 4.9681203e-06 73
1643112740186 4.9681203e-06 74
1643112740744 4.9681203e-06 75
1643112741296 4.9681203e-06 76
1643112741856 4.9681203e-06 77
1643112742417 4.9681203e-06 78
1643112742966 4.9681203e-06 79
1643112743505 4.9681203e-06 80
1643112744021 4.9681203e-06 81
1643112744546 4.9681203e-06 82
1643112745091 4.9681203e-06 83
1643112745650 4.9681203e-06 84
1643112746205 4.9681203e-06 85
1643112746814 4.9681203e-06 86
1643112747367 4.9681203e-06 87
1643112747954 4.9681203e-06 88
1643112748515 4.9681203e-06 89
1643112749115 4.9681203e-06 90
1643112749657 4.9681203e-06 91
1643112750301 4.9681203e-06 92
1643112750860 4.9681203e-06 93
1643112751438 4.9681203e-06 94
1643112751974 4.9681203e-06 95
1643112752522 4.9681203e-06 96
1643112753059 4.9681203e-06 97
1643112753650 4.9681203e-06 98
1643112754214 4.9681203e-06 99
