1643112763261 8.824416160583496 0
1643112763842 5.601364612579346 1
1643112764416 5.073246479034424 2
1643112764949 4.8559746742248535 3
1643112765563 4.655897617340088 4
1643112766195 4.585516452789307 5
1643112766768 4.438981056213379 6
1643112767338 4.400361061096191 7
1643112767855 4.3385443687438965 8
1643112768477 4.301853656768799 9
1643112769037 4.275875568389893 10
1643112769578 4.257606506347656 11
1643112770136 4.225029468536377 12
1643112770736 4.259620666503906 13
1643112771302 4.204610824584961 14
1643112771850 4.168145656585693 15
1643112772383 4.160572052001953 16
1643112773035 4.187546730041504 17
1643112773626 4.174274444580078 18
1643112774187 4.150697708129883 19
1643112774711 4.152117729187012 20
1643112775216 4.161520004272461 21
1643112775873 4.037293434143066 22
1643112776408 4.020559787750244 23
1643112776937 4.009825229644775 24
1643112777454 4.006787300109863 25
1643112777969 4.011120796203613 26
1643112778539 3.9828145503997803 27
1643112779108 3.967160701751709 28
1643112779643 3.946277379989624 29
1643112780210 3.948590040206909 30
1643112780746 3.9330456256866455 31
1643112781435 3.9183385372161865 32
1643112781980 3.918002128601074 33
1643112782528 3.915661096572876 34
1643112783052 3.924189567565918 35
1643112783613 3.9204633235931396 36
1643112784189 3.9135279655456543 37
1643112784729 3.9069836139678955 38
1643112785285 3.9104859828948975 39
1643112785839 3.9181387424468994 40
1643112786365 3.9041097164154053 41
1643112786914 3.9001564979553223 42
1643112787455 3.9054150581359863 43
1643112788041 3.9033360481262207 44
1643112788723 3.8932487964630127 45
1643112789286 3.8934473991394043 46
1643112789904 3.896716833114624 47
1643112790440 3.896186113357544 48
1643112790983 3.8916139602661133 49
1643112791544 3.8905673027038574 50
1643112792084 3.890061616897583 51
1643112792646 3.891000986099243 52
1643112793234 3.8877370357513428 53
1643112793746 3.8883821964263916 54
1643112794281 3.888284921646118 55
1643112794823 3.888101816177368 56
1643112801642 3.9204633235931396 57
