1643112763261 0.0015900665 0
1643112763842 0.0015900665 1
1643112764416 0.0015900665 2
1643112764949 0.0015900665 3
1643112765563 0.0015900665 4
1643112766195 0.0015900665 5
1643112766768 0.0015900665 6
1643112767338 0.0015900665 7
1643112767855 0.0015900665 8
1643112768477 0.0015900665 9
1643112769037 0.0015900665 10
1643112769578 0.0015900665 11
1643112770136 0.0015900665 12
1643112770736 0.0015900665 13
1643112771302 0.0015900665 14
1643112771850 0.0015900665 15
1643112772383 0.0015900665 16
1643112773035 0.0015900665 17
1643112773626 0.0015900665 18
1643112774187 0.0015900665 19
1643112774711 0.0015900665 20
1643112775216 0.0015900665 21
1643112775873 0.00079503324 22
1643112776408 0.00079503324 23
1643112776937 0.00079503324 24
1643112777454 0.00079503324 25
1643112777969 0.00079503324 26
1643112778539 0.00079503324 27
1643112779108 0.00039751662 28
1643112779643 0.00039751662 29
1643112780210 0.00039751662 30
1643112780746 0.00039751662 31
1643112781435 0.00019875831 32
1643112781980 0.00019875831 33
1643112782528 0.00019875831 34
1643112783052 0.00019875831 35
1643112783613 0.00019875831 36
1643112784189 0.00019875831 37
1643112784729 0.00019875831 38
1643112785285 0.00019875831 39
1643112785839 0.00019875831 40
1643112786365 9.9379155e-05 41
1643112786914 9.9379155e-05 42
1643112787455 9.9379155e-05 43
1643112788041 9.9379155e-05 44
1643112788723 4.9689577e-05 45
1643112789286 4.9689577e-05 46
1643112789904 4.9689577e-05 47
1643112790440 4.9689577e-05 48
1643112790983 2.4844789e-05 49
1643112791544 2.4844789e-05 50
1643112792084 2.4844789e-05 51
1643112792646 2.4844789e-05 52
1643112793234 1.2422394e-05 53
1643112793746 1.2422394e-05 54
1643112794281 1.2422394e-05 55
1643112794823 1.2422394e-05 56
1643112801642 0.00019875831 57
