1643112866245 14.5192289352417 0
1643112866751 13.562150001525879 1
1643112867317 12.878756523132324 2
1643112867835 12.240406036376953 3
1643112868353 11.721901893615723 4
1643112868901 11.202850341796875 5
1643112869377 10.711003303527832 6
1643112869902 10.229657173156738 7
1643112870514 9.77615737915039 8
1643112871052 9.357840538024902 9
1643112871602 8.958124160766602 10
1643112872145 8.581310272216797 11
1643112872755 8.220869064331055 12
1643112873262 7.924352645874023 13
1643112873792 7.629951477050781 14
1643112874313 7.365530490875244 15
1643112874931 7.143356800079346 16
1643112875464 6.930733680725098 17
1643112876055 6.746110439300537 18
1643112876608 6.570394039154053 19
1643112877146 6.434084415435791 20
1643112877649 6.293086051940918 21
1643112878182 6.171688079833984 22
1643112878702 6.067636489868164 23
1643112879246 5.95884370803833 24
1643112879803 5.863990306854248 25
1643112880382 5.784708499908447 26
1643112880884 5.699801921844482 27
1643112881439 5.628369331359863 28
1643112881988 5.565260887145996 29
1643112882554 5.508328437805176 30
1643112883050 5.454447269439697 31
1643112883607 5.408082008361816 32
1643112884135 5.351536273956299 33
1643112884663 5.319939136505127 34
1643112885226 5.271853446960449 35
1643112885779 5.234912395477295 36
1643112886333 5.19253396987915 37
1643112886884 5.156026363372803 38
1643112887420 5.122102737426758 39
1643112887947 5.09781551361084 40
1643112888467 5.063339710235596 41
1643112888985 5.039441108703613 42
1643112889566 5.018860340118408 43
1643112890125 4.987581253051758 44
1643112890663 4.9659647941589355 45
1643112891211 4.948209285736084 46
1643112891762 4.923550128936768 47
1643112892276 4.897071838378906 48
1643112892795 4.882778167724609 49
1643112893322 4.8633856773376465 50
1643112893844 4.840376377105713 51
1643112894381 4.8291215896606445 52
1643112894963 4.806811809539795 53
1643112895507 4.792918682098389 54
1643112896034 4.779303550720215 55
1643112896540 4.756265163421631 56
1643112897061 4.739723205566406 57
1643112897535 4.723872184753418 58
1643112898066 4.70988655090332 59
1643112898600 4.692495822906494 60
1643112899107 4.677246570587158 61
1643112899618 4.669629096984863 62
1643112900145 4.652248859405518 63
1643112900656 4.632439136505127 64
1643112901156 4.61808967590332 65
1643112901680 4.613839626312256 66
1643112902210 4.600959300994873 67
1643112902742 4.593475818634033 68
1643112903266 4.577263832092285 69
1643112903815 4.560002326965332 70
1643112904495 4.558338642120361 71
1643112905195 4.544886112213135 72
1643112905675 4.533655643463135 73
1643112906145 4.522398948669434 74
1643112906659 4.511305332183838 75
1643112907160 4.5008931159973145 76
1643112907715 4.485305309295654 77
1643112908225 4.474865436553955 78
1643112908740 4.467276573181152 79
1643112909257 4.461780071258545 80
1643112909745 4.447747230529785 81
1643112910245 4.439146995544434 82
1643112910766 4.4366960525512695 83
1643112911322 4.416325092315674 84
1643112911821 4.416530609130859 85
1643112912325 4.39956521987915 86
1643112912853 4.3995137214660645 87
1643112913412 4.392484188079834 88
1643112913999 4.381036758422852 89
1643112914512 4.36929178237915 90
1643112915005 4.364975452423096 91
1643112915613 4.354977607727051 92
1643112916114 4.355920791625977 93
1643112916652 4.341180324554443 94
1643112917188 4.330191612243652 95
1643112917736 4.33132791519165 96
1643112918297 4.32142448425293 97
1643112918828 4.315087795257568 98
1643112919375 4.305219650268555 99
