1643112866245 4.122016e-05 0
1643112866751 4.122016e-05 1
1643112867317 4.122016e-05 2
1643112867835 4.122016e-05 3
1643112868353 4.122016e-05 4
1643112868901 4.122016e-05 5
1643112869377 4.122016e-05 6
1643112869902 4.122016e-05 7
1643112870514 4.122016e-05 8
1643112871052 4.122016e-05 9
1643112871602 4.122016e-05 10
1643112872145 4.122016e-05 11
1643112872755 4.122016e-05 12
1643112873262 4.122016e-05 13
1643112873792 4.122016e-05 14
1643112874313 4.122016e-05 15
1643112874931 4.122016e-05 16
1643112875464 4.122016e-05 17
1643112876055 4.122016e-05 18
1643112876608 4.122016e-05 19
1643112877146 4.122016e-05 20
1643112877649 4.122016e-05 21
1643112878182 4.122016e-05 22
1643112878702 4.122016e-05 23
1643112879246 4.122016e-05 24
1643112879803 4.122016e-05 25
1643112880382 4.122016e-05 26
1643112880884 4.122016e-05 27
1643112881439 4.122016e-05 28
1643112881988 4.122016e-05 29
1643112882554 4.122016e-05 30
1643112883050 4.122016e-05 31
1643112883607 4.122016e-05 32
1643112884135 4.122016e-05 33
1643112884663 4.122016e-05 34
1643112885226 4.122016e-05 35
1643112885779 4.122016e-05 36
1643112886333 4.122016e-05 37
1643112886884 4.122016e-05 38
1643112887420 4.122016e-05 39
1643112887947 4.122016e-05 40
1643112888467 4.122016e-05 41
1643112888985 4.122016e-05 42
1643112889566 4.122016e-05 43
1643112890125 4.122016e-05 44
1643112890663 4.122016e-05 45
1643112891211 4.122016e-05 46
1643112891762 4.122016e-05 47
1643112892276 4.122016e-05 48
1643112892795 4.122016e-05 49
1643112893322 4.122016e-05 50
1643112893844 4.122016e-05 51
1643112894381 4.122016e-05 52
1643112894963 4.122016e-05 53
1643112895507 4.122016e-05 54
1643112896034 4.122016e-05 55
1643112896540 4.122016e-05 56
1643112897061 4.122016e-05 57
1643112897535 4.122016e-05 58
1643112898066 4.122016e-05 59
1643112898600 4.122016e-05 60
1643112899107 4.122016e-05 61
1643112899618 4.122016e-05 62
1643112900145 4.122016e-05 63
1643112900656 4.122016e-05 64
1643112901156 4.122016e-05 65
1643112901680 4.122016e-05 66
1643112902210 4.122016e-05 67
1643112902742 4.122016e-05 68
1643112903266 4.122016e-05 69
1643112903815 4.122016e-05 70
1643112904495 4.122016e-05 71
1643112905195 4.122016e-05 72
1643112905675 4.122016e-05 73
1643112906145 4.122016e-05 74
1643112906659 4.122016e-05 75
1643112907160 4.122016e-05 76
1643112907715 4.122016e-05 77
1643112908225 4.122016e-05 78
1643112908740 4.122016e-05 79
1643112909257 4.122016e-05 80
1643112909745 4.122016e-05 81
1643112910245 4.122016e-05 82
1643112910766 4.122016e-05 83
1643112911322 4.122016e-05 84
1643112911821 4.122016e-05 85
1643112912325 4.122016e-05 86
1643112912853 4.122016e-05 87
1643112913412 4.122016e-05 88
1643112913999 4.122016e-05 89
1643112914512 4.122016e-05 90
1643112915005 4.122016e-05 91
1643112915613 4.122016e-05 92
1643112916114 4.122016e-05 93
1643112916652 4.122016e-05 94
1643112917188 4.122016e-05 95
1643112917736 4.122016e-05 96
1643112918297 4.122016e-05 97
1643112918828 4.122016e-05 98
1643112919375 4.122016e-05 99
