1643112927804 30.137868881225586 0
1643112928335 29.38471794128418 1
1643112928877 28.675880432128906 2
1643112929410 27.96671485900879 3
1643112929972 27.277299880981445 4
1643112930467 26.622493743896484 5
1643112930967 25.978548049926758 6
1643112931512 25.356002807617188 7
1643112932079 24.74725914001465 8
1643112932639 24.174455642700195 9
1643112933195 23.619333267211914 10
1643112933775 23.074621200561523 11
1643112934392 22.559234619140625 12
1643112934967 22.068315505981445 13
1643112935509 21.598926544189453 14
1643112936046 21.150644302368164 15
1643112936613 20.71173858642578 16
1643112937288 20.306604385375977 17
1643112937879 19.900066375732422 18
1643112938442 19.526268005371094 19
1643112938950 19.164731979370117 20
1643112939513 18.806638717651367 21
1643112940056 18.456134796142578 22
1643112940606 18.134428024291992 23
1643112941154 17.81299591064453 24
1643112941677 17.506559371948242 25
1643112942197 17.220779418945312 26
1643112942748 16.960710525512695 27
1643112943273 16.707347869873047 28
1643112943768 16.485422134399414 29
1643112944284 16.273679733276367 30
1643112944822 16.077423095703125 31
1643112945349 15.900541305541992 32
1643112945879 15.729352951049805 33
1643112946420 15.573785781860352 34
1643112946973 15.4325590133667 35
1643112947519 15.298561096191406 36
1643112948044 15.172811508178711 37
1643112948578 15.057220458984375 38
1643112949098 14.94981861114502 39
1643112949627 14.848925590515137 40
1643112950184 14.759629249572754 41
1643112950715 14.670246124267578 42
1643112951249 14.589364051818848 43
1643112951789 14.514388084411621 44
1643112952305 14.444908142089844 45
1643112952867 14.370491027832031 46
1643112953388 14.307024955749512 47
1643112953911 14.248489379882812 48
1643112954459 14.190948486328125 49
1643112955018 14.138875961303711 50
1643112955596 14.088949203491211 51
1643112956131 14.041836738586426 52
1643112956678 13.996828079223633 53
1643112957221 13.949114799499512 54
1643112957887 13.906087875366211 55
1643112958456 13.866060256958008 56
1643112958980 13.82820987701416 57
1643112959533 13.789754867553711 58
1643112960069 13.75167465209961 59
1643112960613 13.7152738571167 60
1643112961143 13.678152084350586 61
1643112961664 13.64139175415039 62
1643112962198 13.607812881469727 63
1643112962738 13.571334838867188 64
1643112963311 13.535932540893555 65
1643112963849 13.501614570617676 66
1643112964387 13.468189239501953 67
1643112964934 13.431879997253418 68
1643112965480 13.398354530334473 69
1643112966029 13.366118431091309 70
1643112966547 13.333328247070312 71
1643112967091 13.30020809173584 72
1643112967626 13.268088340759277 73
1643112968171 13.235251426696777 74
1643112968735 13.202404975891113 75
1643112969295 13.167987823486328 76
1643112969812 13.135947227478027 77
1643112970371 13.103434562683105 78
1643112970902 13.069976806640625 79
1643112971432 13.037518501281738 80
1643112971926 13.004568099975586 81
1643112972458 12.972753524780273 82
1643112972997 12.939790725708008 83
1643112973536 12.907552719116211 84
1643112974065 12.875460624694824 85
1643112974601 12.844598770141602 86
1643112975140 12.814615249633789 87
1643112975655 12.78348445892334 88
1643112976162 12.75275993347168 89
1643112976690 12.72205924987793 90
1643112977216 12.69111156463623 91
1643112977742 12.65892219543457 92
1643112978268 12.629021644592285 93
1643112978808 12.5984468460083 94
1643112979352 12.568425178527832 95
1643112979887 12.53695011138916 96
1643112980416 12.50662899017334 97
1643112980948 12.477739334106445 98
1643112981462 12.450201988220215 99
