1643112927804 2.0594853e-06 0
1643112928335 2.0594853e-06 1
1643112928877 2.0594853e-06 2
1643112929410 2.0594853e-06 3
1643112929972 2.0594853e-06 4
1643112930467 2.0594853e-06 5
1643112930967 2.0594853e-06 6
1643112931512 2.0594853e-06 7
1643112932079 2.0594853e-06 8
1643112932639 2.0594853e-06 9
1643112933195 2.0594853e-06 10
1643112933775 2.0594853e-06 11
1643112934392 2.0594853e-06 12
1643112934967 2.0594853e-06 13
1643112935509 2.0594853e-06 14
1643112936046 2.0594853e-06 15
1643112936613 2.0594853e-06 16
1643112937288 2.0594853e-06 17
1643112937879 2.0594853e-06 18
1643112938442 2.0594853e-06 19
1643112938950 2.0594853e-06 20
1643112939513 2.0594853e-06 21
1643112940056 2.0594853e-06 22
1643112940606 2.0594853e-06 23
1643112941154 2.0594853e-06 24
1643112941677 2.0594853e-06 25
1643112942197 2.0594853e-06 26
1643112942748 2.0594853e-06 27
1643112943273 2.0594853e-06 28
1643112943768 2.0594853e-06 29
1643112944284 2.0594853e-06 30
1643112944822 2.0594853e-06 31
1643112945349 2.0594853e-06 32
1643112945879 2.0594853e-06 33
1643112946420 2.0594853e-06 34
1643112946973 2.0594853e-06 35
1643112947519 2.0594853e-06 36
1643112948044 2.0594853e-06 37
1643112948578 2.0594853e-06 38
1643112949098 2.0594853e-06 39
1643112949627 2.0594853e-06 40
1643112950184 2.0594853e-06 41
1643112950715 2.0594853e-06 42
1643112951249 2.0594853e-06 43
1643112951789 2.0594853e-06 44
1643112952305 2.0594853e-06 45
1643112952867 2.0594853e-06 46
1643112953388 2.0594853e-06 47
1643112953911 2.0594853e-06 48
1643112954459 2.0594853e-06 49
1643112955018 2.0594853e-06 50
1643112955596 2.0594853e-06 51
1643112956131 2.0594853e-06 52
1643112956678 2.0594853e-06 53
1643112957221 2.0594853e-06 54
1643112957887 2.0594853e-06 55
1643112958456 2.0594853e-06 56
1643112958980 2.0594853e-06 57
1643112959533 2.0594853e-06 58
1643112960069 2.0594853e-06 59
1643112960613 2.0594853e-06 60
1643112961143 2.0594853e-06 61
1643112961664 2.0594853e-06 62
1643112962198 2.0594853e-06 63
1643112962738 2.0594853e-06 64
1643112963311 2.0594853e-06 65
1643112963849 2.0594853e-06 66
1643112964387 2.0594853e-06 67
1643112964934 2.0594853e-06 68
1643112965480 2.0594853e-06 69
1643112966029 2.0594853e-06 70
1643112966547 2.0594853e-06 71
1643112967091 2.0594853e-06 72
1643112967626 2.0594853e-06 73
1643112968171 2.0594853e-06 74
1643112968735 2.0594853e-06 75
1643112969295 2.0594853e-06 76
1643112969812 2.0594853e-06 77
1643112970371 2.0594853e-06 78
1643112970902 2.0594853e-06 79
1643112971432 2.0594853e-06 80
1643112971926 2.0594853e-06 81
1643112972458 2.0594853e-06 82
1643112972997 2.0594853e-06 83
1643112973536 2.0594853e-06 84
1643112974065 2.0594853e-06 85
1643112974601 2.0594853e-06 86
1643112975140 2.0594853e-06 87
1643112975655 2.0594853e-06 88
1643112976162 2.0594853e-06 89
1643112976690 2.0594853e-06 90
1643112977216 2.0594853e-06 91
1643112977742 2.0594853e-06 92
1643112978268 2.0594853e-06 93
1643112978808 2.0594853e-06 94
1643112979352 2.0594853e-06 95
1643112979887 2.0594853e-06 96
1643112980416 2.0594853e-06 97
1643112980948 2.0594853e-06 98
1643112981462 2.0594853e-06 99
