1643112803094 16.945049285888672 0
1643112803611 15.799107551574707 1
1643112804117 14.933241844177246 2
1643112804634 14.263873100280762 3
1643112805167 13.812663078308105 4
1643112805677 13.485342025756836 5
1643112806184 13.266833305358887 6
1643112806713 13.11484432220459 7
1643112807269 13.001445770263672 8
1643112807821 12.91805648803711 9
1643112808390 12.841827392578125 10
1643112808934 12.774320602416992 11
1643112809501 12.70738697052002 12
1643112810033 12.638192176818848 13
1643112810575 12.57392406463623 14
1643112811097 12.51341438293457 15
1643112811590 12.455620765686035 16
1643112812068 12.396808624267578 17
1643112812593 12.336978912353516 18
1643112813165 12.277297973632812 19
1643112813693 12.220539093017578 20
1643112814240 12.165621757507324 21
1643112814812 12.108416557312012 22
1643112815376 12.053298950195312 23
1643112815944 11.998109817504883 24
1643112816485 11.943378448486328 25
1643112817047 11.885740280151367 26
1643112817563 11.828473091125488 27
1643112818107 11.768275260925293 28
1643112818624 11.710966110229492 29
1643112819140 11.653609275817871 30
1643112819699 11.59511661529541 31
1643112820292 11.53731632232666 32
1643112820818 11.479851722717285 33
1643112821356 11.425041198730469 34
1643112821895 11.373208999633789 35
1643112822511 11.324588775634766 36
1643112823055 11.27736759185791 37
1643112823594 11.226987838745117 38
1643112824128 11.17643928527832 39
1643112824770 11.124473571777344 40
1643112825282 11.075615882873535 41
1643112825800 11.027181625366211 42
1643112826284 10.975433349609375 43
1643112826819 10.926358222961426 44
1643112827344 10.878050804138184 45
1643112827873 10.830007553100586 46
1643112828401 10.780828475952148 47
1643112828953 10.734423637390137 48
1643112829445 10.686777114868164 49
1643112830008 10.638140678405762 50
1643112830526 10.589478492736816 51
1643112831055 10.542482376098633 52
1643112831551 10.49527359008789 53
1643112832097 10.450213432312012 54
1643112832663 10.406542778015137 55
1643112833192 10.358633995056152 56
1643112833726 10.312418937683105 57
1643112834260 10.267428398132324 58
1643112834796 10.222455978393555 59
1643112835313 10.17668342590332 60
1643112835846 10.132465362548828 61
1643112836363 10.086230278015137 62
1643112836926 10.038787841796875 63
1643112837586 9.991043090820312 64
1643112838109 9.944741249084473 65
1643112838626 9.897536277770996 66
1643112839124 9.847944259643555 67
1643112839635 9.798730850219727 68
1643112840222 9.749889373779297 69
1643112840730 9.703276634216309 70
1643112841268 9.658293724060059 71
1643112841863 9.613009452819824 72
1643112842472 9.568781852722168 73
1643112843033 9.524921417236328 74
1643112843594 9.478931427001953 75
1643112844208 9.436195373535156 76
1643112844800 9.390450477600098 77
1643112845404 9.345050811767578 78
1643112846044 9.300891876220703 79
1643112846664 9.25861644744873 80
1643112847290 9.214771270751953 81
1643112847904 9.1713228225708 82
1643112848477 9.12920093536377 83
1643112849054 9.087618827819824 84
1643112849632 9.044950485229492 85
1643112850240 9.002582550048828 86
1643112850804 8.963027954101562 87
1643112851439 8.924278259277344 88
1643112851984 8.88613224029541 89
1643112852517 8.846256256103516 90
1643112853098 8.805255889892578 91
1643112853604 8.762889862060547 92
1643112854174 8.721909523010254 93
1643112854690 8.682232856750488 94
1643112855240 8.64332103729248 95
1643112855739 8.604520797729492 96
1643112856259 8.568355560302734 97
1643112856871 8.532407760620117 98
1643112857475 8.494781494140625 99
