1643112803094 5.769334e-06 0
1643112803611 5.769334e-06 1
1643112804117 5.769334e-06 2
1643112804634 5.769334e-06 3
1643112805167 5.769334e-06 4
1643112805677 5.769334e-06 5
1643112806184 5.769334e-06 6
1643112806713 5.769334e-06 7
1643112807269 5.769334e-06 8
1643112807821 5.769334e-06 9
1643112808390 5.769334e-06 10
1643112808934 5.769334e-06 11
1643112809501 5.769334e-06 12
1643112810033 5.769334e-06 13
1643112810575 5.769334e-06 14
1643112811097 5.769334e-06 15
1643112811590 5.769334e-06 16
1643112812068 5.769334e-06 17
1643112812593 5.769334e-06 18
1643112813165 5.769334e-06 19
1643112813693 5.769334e-06 20
1643112814240 5.769334e-06 21
1643112814812 5.769334e-06 22
1643112815376 5.769334e-06 23
1643112815944 5.769334e-06 24
1643112816485 5.769334e-06 25
1643112817047 5.769334e-06 26
1643112817563 5.769334e-06 27
1643112818107 5.769334e-06 28
1643112818624 5.769334e-06 29
1643112819140 5.769334e-06 30
1643112819699 5.769334e-06 31
1643112820292 5.769334e-06 32
1643112820818 5.769334e-06 33
1643112821356 5.769334e-06 34
1643112821895 5.769334e-06 35
1643112822511 5.769334e-06 36
1643112823055 5.769334e-06 37
1643112823594 5.769334e-06 38
1643112824128 5.769334e-06 39
1643112824770 5.769334e-06 40
1643112825282 5.769334e-06 41
1643112825800 5.769334e-06 42
1643112826284 5.769334e-06 43
1643112826819 5.769334e-06 44
1643112827344 5.769334e-06 45
1643112827873 5.769334e-06 46
1643112828401 5.769334e-06 47
1643112828953 5.769334e-06 48
1643112829445 5.769334e-06 49
1643112830008 5.769334e-06 50
1643112830526 5.769334e-06 51
1643112831055 5.769334e-06 52
1643112831551 5.769334e-06 53
1643112832097 5.769334e-06 54
1643112832663 5.769334e-06 55
1643112833192 5.769334e-06 56
1643112833726 5.769334e-06 57
1643112834260 5.769334e-06 58
1643112834796 5.769334e-06 59
1643112835313 5.769334e-06 60
1643112835846 5.769334e-06 61
1643112836363 5.769334e-06 62
1643112836926 5.769334e-06 63
1643112837586 5.769334e-06 64
1643112838109 5.769334e-06 65
1643112838626 5.769334e-06 66
1643112839124 5.769334e-06 67
1643112839635 5.769334e-06 68
1643112840222 5.769334e-06 69
1643112840730 5.769334e-06 70
1643112841268 5.769334e-06 71
1643112841863 5.769334e-06 72
1643112842472 5.769334e-06 73
1643112843033 5.769334e-06 74
1643112843594 5.769334e-06 75
1643112844208 5.769334e-06 76
1643112844800 5.769334e-06 77
1643112845404 5.769334e-06 78
1643112846044 5.769334e-06 79
1643112846664 5.769334e-06 80
1643112847290 5.769334e-06 81
1643112847904 5.769334e-06 82
1643112848477 5.769334e-06 83
1643112849054 5.769334e-06 84
1643112849632 5.769334e-06 85
1643112850240 5.769334e-06 86
1643112850804 5.769334e-06 87
1643112851439 5.769334e-06 88
1643112851984 5.769334e-06 89
1643112852517 5.769334e-06 90
1643112853098 5.769334e-06 91
1643112853604 5.769334e-06 92
1643112854174 5.769334e-06 93
1643112854690 5.769334e-06 94
1643112855240 5.769334e-06 95
1643112855739 5.769334e-06 96
1643112856259 5.769334e-06 97
1643112856871 5.769334e-06 98
1643112857475 5.769334e-06 99
